85
28
62
39
37
23
47
28
51
60
63
78
64
23
64
20
22
26
14
59
74
82
20
4
94
93
24
30
5
87
73
51
39
40
25
98
9
63
21
68
28
97
29
68
7
52
20
59
44
44
37
24
60
97
26
81
55
51
90
13
6
46
14
91
37
52
21
19
33
22
0
47
70
88
61
51
39
74
95
27
55
32
51
60
68
88
83
47
67
23
33
18
62
34
56
28
54
17
18
35
98
63
45
0
1
47
23
56
76
2
5
35
19
70
72
91
38
20
32
90
62
59
3
75
70
4
91
87
79
81
4
45
23
98
67
13
57
96
11
27
35
55
81
70
14
98
93
8
91
57
57
21
27
94
18
84
76
44
18
59
84
50
87
50
76
49
79
12
89
2
21
78
23
43
84
85
34
84
0
15
62
38
53
21
32
16
16
4
39
98
69
2
85
35
87
84
85
62
24
67
87
61
37
55
64
59
58
25
8
13
22
76
43
36
49
7
87
53
51
67
96
89
9
59
81
60
4
54
79
34
7
8
9
69
83
94
90
70
13
96
76
43
51
32
90
54
24
45
73
93
81
18
0
30
14
21
46
5
83
77
85
16
3
48
36
27
83
42
94
26
88
35
98
40
19
67
16
49
34
16
66
81
84
56
52
40
91
82
42
14
82
4
55
85
49
83
59
41
37
79
79
56
49
74
22
27
19
92
92
9
65
76
33
95
43
46
4
76
61
48
30
56
18
96
90
65
25
93
56
77
73
42
2
35
44
45
55
52
69
95
10
2
10
29
68
41
5
7
70
46
87
57
17
9
0
12
93
75
26
62
65
22
43
6
13
57
94
79
82
47
70
85
47
67
80
83
97
38
92
51
40
30
82
7
93
35
82
24
84
8
64
10
15
16
52
68
98
47
63
6
35
81
27
13
18
97
60
78
81
14
43
59
57
71
21
87
88
25
17
89
36
32
8
97
74
7
86
31
64
52
50
49
1
96
78
43
47
55
81
46
35
9
90
98
61
34
77
81
55
95
30
26
63
14
58
18
65
63
22
3
72
65
39
51
10
30
17
36
46
18
20
90
37
15
96
77
81
90
41
45
94
10
79
28
91
67
9
43
66
44
33
41
60
78
80
61
32
30
10
47
80
34
64
96
69
29
39
11
43
8
58
87
52
32
2
26
80
31
6
90
99
3
13
44
34
62
10
12
64
12
15
29
92
75
63
62
80
62
62
44
38
64
24
11
39
15
41
60
24
61
8
33
29
39
35
21
78
86
83
82
37
80
82
1
90
72
93
61
50
89
37
53
39
41
62
48
37
29
6
83
5
54
87
62
35
72
92
87
86
10
27
20
97
22
65
64
34
1
3
26
54
12
40
17
4
56
36
80
99
16
11
26
26
1
65
14
47
82
22
30
72
10
45
46
62
75
22
5
9
28
69
15
50
71
67
77
0
53
3
29
36
27
58
50
0
48
7
5
11
61
99
83
43
85
66
60
1
5
55
76
78
31
50
41
96
56
46
8
75
19
15
41
42
7
94
58
53
48
12
99
4
85
73
85
52
91
29
90
98
74
54
66
70
7
82
48
61
76
73
14
10
11
79
94
47
90
46
34
7
84
22
60
94
43
94
17
69
18
71
32
81
61
89
2
83
23
82
39
48
32
24
68
51
9
39
49
72
54
56
63
10
58
13
44
89
38
28
18
76
24
96
49
33
14
83
44
23
60
46
52
15
75
39
1
36
68
89
66
65
41
87
12
96
55
6
35
88
98
65
81
80
29
91
91
67
21
48
61
21
14
89
42
24
97
46
78
97
81
46
25
69
17
6
90
7
55
64
60
68
11
56
80
10
11
32
76
95
59
99
32
78
24
44
8
60
94
85
58
93
48
0
54
42
69
67
80
26
29
76
9
25
61
48
22
13
4
44
74
53
94
86
10
37
59
58
32
3
6
1
14
95
80
35
65
50
77
69
90
82
94
30
68
39
40
15
28
97
68
86
55
69
80
44
82
86
51
76
0
1
41
64
73
98
10
22
94
58
82
36
41
17
77
65
66
57
24
8
97
34
44
87
68
34
60
13
9
81
15
41
45
65
68
59
67
43
74
34
4
98
26
4
0
25
7
73
44
9
58
10
50
37
24
75
89
73
90
41
6
67
56
26
76
48
90
78
13
76
67
27
97
93
35
9
72
41
24
67
16
9
61
83
45
49
32
1
22
74
90
28
97
94
10
78
15
54
46
98
34
28
2
55
11
92
75
99
80
74
27
11
31
